10. https://www.youtube.com/watch?v=l6zPxHFeVos

2022-07-20

[]	01. 
[]	02. mechanical engineering
[]	03. July 1998
[]	04. MBA

[]	05.	
[]	06. 
[]	07. 
[]	08.	
[]	09.	
[]	10.	

[]	11. 
[]	12. 
[]	13. 
[]	14. 
[]	15. 
	
[]	16. 
[]	17. 
[]	18. 
[]	19. 
[]	20. 
	
[]	21. 
[]	22. 
[]	23. 
[]	24. 
[]	25. 
	
[]	26. 
[]	27. 
[]	28. 
[]	29. 
[]	30. 
	
[]	31. 
[]	32. 
[]	33. 
[]	34. 
[]	35. 
[]	36.  
[]	37. 
[]	38. 
[]	39. 
[]	40. 









subsidy, subsidize, tuition
rental, 







