14. https://www.youtube.com/watch?v=CueV1glnWOc

2022-07-30

[]	01. cafe
[]	02. 9.45 AM
[]	03. 4 km
[]	04. 
[]	05.	website
[]	06. F1.50
[]	07. Maughan
[]	08.	01444732900
[]	09.	
[]	10.	photographs	

[]	11. 
[]	12. 
[]	13. 
[]	14. 
[]	15. 
	
[]	16. 
[]	17. 
[]	18. 
[]	19. 
[]	20. 
	
[]	21. 
[]	22. 
[]	23. 
[]	24. 
[]	25. 
																																
[]	26. 
[]	27. 
[]	28. 
[]	29. 
[]	30. 
	
[]	31. 
[]	32. 
[]	33. 
[]	34. 
[]	35. 
[]	36.  
[]	37. 
[]	38. 
[]	39. 
[]	40. 


















